28.0 65.0
28.0 65.5
28.0 66.0
28.0 66.5
28.0 67.0
28.0 67.5
28.0 68.0
28.0 68.5
28.0 69.0
28.0 69.5
28.0 70.0
28.0 70.5
28.0 71.0
28.0 71.5
28.0 72.0
28.0 72.5
28.0 73.0
28.0 73.5
28.0 74.0
28.0 74.5
28.0 75.0
28.0 75.5
28.0 76.0
28.0 76.5
28.0 77.0
28.0 77.5
28.0 78.0
28.0 78.5
28.0 79.0
28.0 79.5
28.0 80.0
28.0 80.5
28.0 81.0
28.0 81.5
28.0 82.0
28.0 82.5
28.0 83.0
28.0 83.5
28.0 84.0
28.5 83.5
29.0 83.0
29.5 83.0
30.0 83.0
30.5 83.0
31.0 83.0
31.5 83.0
32.0 83.0
32.5 83.0
33.0 83.0
33.5 83.0
34.0 83.0
34.5 82.5
35.0 82.0
35.5 81.5
36.0 81.0
36.5 80.5
37.0 80.0
37.5 79.5
38.0 79.0
37.5 78.5
37.0 78.0
37.0 77.5
37.0 77.0
37.0 76.5
37.0 76.0
36.5 75.5
36.0 75.0
35.5 74.5
35.0 74.0
34.5 73.5
28.0 72.0
28.5 72.5
29.0 73.0
29.5 73.5
30.0 74.0
30.5 74.5
31.0 75.0
31.5 75.5
32.0 76.0
32.5 76.0
33.0 76.0
33.5 76.0
34.0 76.0
34.5 76.0
35.0 76.0
35.5 76.0
36.0 76.0
36.5 76.0
58.0 25.0
57.5 24.5
57.0 24.0
56.5 23.5
56.0 23.0
55.5 23.0
55.0 23.0
54.5 23.0
54.0 23.0
53.5 23.0
53.0 23.0
52.5 23.0
52.0 23.0
51.5 23.0
51.0 23.0
50.5 23.0
50.0 23.0
49.5 23.0
49.0 23.0
48.5 23.0
48.0 23.0
47.5 23.0
47.0 23.0
46.5 23.5
46.0 24.0
45.5 24.5
45.0 25.0
44.5 25.0
74.0 65.0
73.5 65.0
73.0 65.0
72.5 65.0
72.0 65.0
71.5 65.0
71.0 65.0
70.5 65.0
70.0 65.0
69.5 65.0
69.0 65.0
68.5 65.0
68.0 65.0
67.5 65.0
67.0 65.0
66.5 65.0
66.0 65.0
65.5 65.0
65.0 65.0
64.5 65.0
64.0 65.0
63.5 65.0
63.0 65.0
63.5 65.5
64.0 66.0
64.5 66.5
65.0 67.0
65.5 67.5
66.0 68.0
66.5 68.5
67.0 69.0
67.5 69.5
68.0 70.0
68.5 70.5
69.0 71.0
69.5 71.5
70.0 72.0
70.5 72.5
71.0 73.0
71.5 73.5
72.0 74.0
72.5 74.0
73.0 74.0
73.0 74.5
73.0 75.0
73.0 75.5
73.0 76.0
73.0 76.5
73.0 77.0
73.0 77.5
73.0 78.0
73.0 78.5
73.0 79.0
72.5 79.5
72.0 80.0
71.5 80.5
71.0 81.0
70.5 81.5
70.0 82.0
69.5 82.0
69.0 82.0
68.5 82.0
68.0 82.0
67.5 82.0
67.0 82.0
66.5 82.0
66.0 82.0
65.5 81.5
65.0 81.0
64.5 80.5
64.0 80.0
63.5 80.0
59.0 74.0
58.95503748750223 74.89850074982145
58.82059920057117 75.78802397715555
58.59802840213045 76.65968185995206
58.28954894602597 77.50476508077786
57.89824305701335 78.31482984743782
57.428020534187105 79.08178226055531
56.8835796855604 79.79795918513922
56.27036038412449 80.4562048180957
55.59448971443598 81.04994218664734
54.86272075281326 81.57323886327107
54.082365092830194 82.02086624055292
53.26121979029006 82.38835177370504
52.40748945762129 82.67202366875473
51.52970428610217 82.86904756989614
50.63663481500932 82.9774548794365
49.7372042992884 82.99616242737355
48.840399551340276 82.92498329407222
47.95518114776221 82.76462867790376
47.09039389822846 82.51670078918673
46.254678471075714 82.18367684143114
45.45638505860128 81.76888429983987
44.703489944701886 81.2764676343763
44.00351580848158 80.71134690959047
43.36345656012878 80.07916862496036
42.789707460077594 79.3862492969356
42.28800121967947 78.63951234639318
41.863350721846444 77.84641892210446
41.51999893398207 77.01489335140313
41.26137651365369 76.15324396292583
41.09006753059599 75.27008007253879
41.007783647540485 74.3742259618996
41.01534701784722 73.47463270915176
41.11268207082022 72.58028875271076
41.298816266784854 71.7001300817585
41.57188981438284 70.84295095079341
41.92917425299268 70.01731601034632
42.36709971460633 69.23147473182354
42.88129059277026 68.49327898151552
43.46660926219875 67.81010456734423
44.1172074122275 67.18877754222864
44.82658448120059 66.63550600042029
45.58765260793371 66.1558180482777
46.39280745128023 65.7545065692549
47.234004170194225 65.43558133499435
48.10283780512298 65.20222894101413
48.99062725758451 65.05678096729882
49.888502028833976 65.00069068192309
50.78749085095501 65.03451852047743
51.678611324803164 65.157926486381
52.55295966916902 65.36968152803175
53.40179968441681 65.6676678590504
54.216650041703375 66.04890809851861
54.989369025612426 66.50959301998488
55.712235883483686 67.0451196119961
56.37802796862132 67.65013706986645
56.980092906592226 68.31860025914908
57.51241506355242 69.04383011662122
57.96967565247185 69.81858038527615
58.3473058766963 70.63511001652783
58.641532579853276 71.48526051620962
58.84941594598325 72.36053746155109
58.96887887320895 73.25219537464248
64.0 29.0
63.93005831389236 30.397667833055593
63.720932089777385 31.781370631130855
63.374710847758486 33.13728289325876
62.89485391604039 34.45185679232111
62.28615586646522 35.71195754045884
61.55469860873549 36.9049946275305
60.70779062198284 38.01904762132767
59.753893930860315 39.04298527259331
58.7025395557893 39.966576734784766
57.56423228215396 40.78059378731055
56.35034569995808 41.476903040860094
55.07300856267343 42.04854720354117
53.74498360074422 42.4898145958407
52.37954000060337 42.796296219838446
50.99032082334784 42.96492981245676
49.591206687781956 42.99403044258107
48.19617707986265 42.88330734633456
46.81917067429677 42.63386683229473
45.473946063910944 42.2482012276238
44.17394428834 41.73016397555954
42.93215453560199 41.084931133084226
41.76098435842515 40.318949653474256
40.67213570208246 39.43987297047408
39.67648798242256 38.45648452771611
38.783989382342924 37.37861001745538
38.00355745283473 36.217019205500485
37.34299001176114 34.98331832327361
36.80888723063878 33.68983410218265
36.40658568790573 32.34949060899574
36.140105047593764 30.975680112838123
36.012107896174086 29.582129274066048
36.023873138873455 28.18276199201386
36.17528322127589 26.7915602819945
36.46482530388755 25.42242457162434
36.88960637792886 24.0890348123453
37.44538217132195 22.804713793872043
38.1265995560543 21.582294027281073
38.92645203319818 20.43398952680191
39.83694774119806 19.371273771424345
40.84898930790945 18.404765065688988
41.952464748534254 17.54412044509824
43.136348501230216 16.79793918620976
44.38881159088035 16.173676885507625
45.697339820302126 15.677570965546774
47.04885880796908 15.314578352688642
48.42986462290923 15.088325949131498
49.82655871151952 15.001074394102588
51.22498576815224 15.053695476298229
52.611173171916036 15.24566342325934
53.97127059648514 15.575060154716054
55.2916883979817 16.038594447411736
56.55923339820525 16.631634819917835
57.76124070650822 17.34825580886536
58.885700263196846 18.181297174216148
59.921376840077606 19.122435442014478
60.85792229914346 20.162267069787458
61.6859789877482 21.29040240363302
62.39727323717844 22.49556948820734
62.984698030416475 23.765726692376624
63.442384013105105 25.088183025214967
63.76575813819617 26.449724940190585
63.95158935832504 27.836748360554964
57.0 34.0
56.99000833055605 34.199666833293655
56.960133155682485 34.39733866159012
56.91067297825121 34.59104041332268
56.84212198800577 34.7788366846173
56.75516512378074 34.95885107720841
56.65067122981936 35.12928494679007
56.52968437456898 35.288435374475384
56.39341341869433 35.43471218179904
56.24321993654133 35.56665381925497
56.08060461173628 35.68294196961579
55.90719224285115 35.78241472012287
55.724715508953345 35.86407817193445
55.53499765724917 35.92711637083438
55.33993428580048 35.97089945997692
55.14147440333541 35.99498997320811
54.94160095539742 35.99914720608301
54.74231101140895 35.98332962090494
54.545595810613825 35.94769526175639
54.35342086627299 35.89260017537483
54.167706326905716 35.81859485365136
53.99030779080029 35.72641873329775
53.822997765489305 35.61699280763918
53.66744795744035 35.49141042435344
53.52521256891751 35.3509263611023
53.39771276890613 35.19694428820791
53.2862224932621 35.03100274364293
53.19185571596588 34.85475976046766
53.115555318662686 34.66997630031181
53.05808366970082 34.47849865842796
53.020015006799106 34.28224001611973
53.00172969945344 34.08316132486658
53.00341044841049 33.88325171314484
53.02504046018227 33.6845086117135
53.06640361484108 33.488917795946335
53.12708662541841 33.29843354462076
53.206483167331704 33.11495911341029
53.30379993657919 32.94032771818301
53.41806457617117 32.77628421811456
53.54813539159972 32.62446768163205
53.692712758272776 32.48639500938414
53.850352106933464 32.36344577787118
54.019478357318604 32.25684845517282
54.19840165584005 32.16766812650109
54.38533426004316 32.096795852220964
54.57840840113844 32.044939764669806
54.77569494612989 32.01261799273307
54.975222673074214 32.000153484871795
55.17499796687889 32.00767078232832
55.373024738845146 32.035094774751336
55.56732437092645 32.08215145067372
55.75595548542596 32.148370635344534
55.93703334260075 32.23309068855969
56.10874867235832 32.335465115552196
56.26938575188527 32.45447102488802
56.41733954858252 32.588919348859214
56.55113175702049 32.73746672425535
56.66942556967832 32.89862891480472
56.77103903388263 33.07079564117248
56.85495686148807 33.25224667033952
56.92034057330073 33.44116900360214
56.966536876885165 33.6356749914558
56.99308419404643 33.833821194364994
48.0 34.0
47.99000833055605 34.199666833293655
47.960133155682485 34.39733866159012
47.91067297825121 34.59104041332268
47.84212198800577 34.7788366846173
47.75516512378074 34.95885107720841
47.65067122981936 35.12928494679007
47.52968437456898 35.288435374475384
47.39341341869433 35.43471218179904
47.24321993654133 35.56665381925497
47.08060461173628 35.68294196961579
46.90719224285115 35.78241472012287
46.724715508953345 35.86407817193445
46.53499765724917 35.92711637083438
46.33993428580048 35.97089945997692
46.14147440333541 35.99498997320811
45.94160095539742 35.99914720608301
45.74231101140895 35.98332962090494
45.545595810613825 35.94769526175639
45.35342086627299 35.89260017537483
45.167706326905716 35.81859485365136
44.99030779080029 35.72641873329775
44.822997765489305 35.61699280763918
44.66744795744035 35.49141042435344
44.52521256891751 35.3509263611023
44.39771276890613 35.19694428820791
44.2862224932621 35.03100274364293
44.19185571596588 34.85475976046766
44.115555318662686 34.66997630031181
44.05808366970082 34.47849865842796
44.020015006799106 34.28224001611973
44.00172969945344 34.08316132486658
44.00341044841049 33.88325171314484
44.02504046018227 33.6845086117135
44.06640361484108 33.488917795946335
44.12708662541841 33.29843354462076
44.206483167331704 33.11495911341029
44.30379993657919 32.94032771818301
44.41806457617117 32.77628421811456
44.54813539159972 32.62446768163205
44.692712758272776 32.48639500938414
44.850352106933464 32.36344577787118
45.019478357318604 32.25684845517282
45.19840165584005 32.16766812650109
45.38533426004316 32.096795852220964
45.57840840113844 32.044939764669806
45.77569494612989 32.01261799273307
45.975222673074214 32.000153484871795
46.17499796687889 32.00767078232832
46.373024738845146 32.035094774751336
46.56732437092645 32.08215145067372
46.75595548542596 32.148370635344534
46.93703334260075 32.23309068855969
47.10874867235832 32.335465115552196
47.26938575188527 32.45447102488802
47.41733954858252 32.588919348859214
47.55113175702049 32.73746672425535
47.66942556967832 32.89862891480472
47.77103903388263 33.07079564117248
47.85495686148807 33.25224667033952
47.92034057330073 33.44116900360214
47.966536876885165 33.6356749914558
47.99308419404643 33.833821194364994
